locationid	userid	sumcrop	centroid_X	centroid_Y
1572003	222222	0	45.25	-17.54761905
1572195	222222	0	46.75	-24.54761905
1572203	222222	0	49.25	-18.04761905
1572222	222222	0	47.95238095	-14.75
1572258	222222	0	48.35119048	-19.25
1572264	222222	12	49.35119048	-18.25
1572272	222222	0	50.05059524	-15.14880952
1572427	222222	0	28.25	-31.54761905
1572494	222222	0	40.75	-1.047619048
1572539	222222	0	26.75	-10.54761905
1572559	222222	0	39.75	-13.54761905
1572629	222222	8	33.25	-10.04761905
1572660	222222	0	22.95238095	-27.75
1572668	222222	0	35.95238095	8.25
1572672	222222	0	34.95238095	-7.75
1572676	222222	0	37.95238095	-14.75
1572693	222222	0	23.95238095	-7.75
1572696	222222	0	37.95238095	-16.75
1572702	222222	0	40.95238095	-0.75
1572709	222222	0	37.95238095	2.25
1572726	222222	0	25.95238095	-32.75
1572744	222222	0	19.95238095	-26.75
1572753	222222	0	37.55059524	-13.34821429
1572756	222222	0	27.55059524	-7.348214286
1572772	222222	0	29.55059524	-18.34821429
1572804	222222	0	17.55059524	-20.34821429
1574776	222222	0	28.25	-19.54761905
1574830	222222	40	28.25	-15.54761905
1574868	222222	28	44.75	1.952380952
1574888	222222	0	23.75	-25.04761905
1574891	222222	0	30.75	-13.04761905
1574931	222222	0	28.75	-20.04761905
1574955	222222	0	27.75	-16.54761905
1574962	222222	0	29.75	-11.54761905
1575015	222222	0	26.75	-18.54761905
1575020	222222	0	38.75	-3.547619048
1575039	222222	0	33.25	-13.04761905
1575049	222222	0	25.25	-13.04761905
1575060	222222	0	33.25	-12.04761905
1575069	222222	0	30.25	-17.04761905
1575102	222222	0	26.25	-24.04761905
1575106	222222	0	47.25	4.952380952
1575145	222222	0	28.95238095	-10.75
1575157	222222	0	40.95238095	6.25
1575205	222222	100	31.95238095	-26.75
1575213	222222	0	19.95238095	-33.75
1575218	222222	0	30.95238095	-16.75
1575262	222222	0	47.55059524	4.651785714
1575264	222222	0	42.55059524	1.651785714
1575325	222222	0	30.45238095	-13.84821429
1575379	222222	0	45.45238095	2.151785714
1575388	222222	0	27.45238095	-18.84821429
1575427	222222	0	38.95238095	12.65178571
1575432	222222	0	28.95238095	-21.34821429
1575453	222222	0	36.95238095	12.65178571
1575472	222222	0	24.95238095	-12.34821429
1575473	222222	0	31.95238095	-21.34821429
1575502	222222	40	29.95238095	-20.34821429
1575534	222222	72	39.65178571	8.25
1575538	222222	40	29.65178571	-23.75
1575552	222222	0	24.65178571	-17.75
1575557	222222	0	39.65178571	6.25
1575558	222222	0	45.65178571	3.25
1575576	222222	0	26.65178571	-19.75
1575583	222222	0	34.65178571	-15.75
1575666	222222	0	25.35119048	-24.25
1575698	222222	0	29.15178571	-9.848214286
1575740	222222	0	39.15178571	10.15178571
1575759	222222	0	26.15178571	-18.84821429
1575777	222222	0	27.15178571	-23.84821429
1575779	222222	0	24.15178571	-26.84821429
1575807	222222	0	26.05059524	-18.14880952
1575810	222222	0	30.05059524	-14.14880952
1575817	222222	0	39.05059524	12.85119048
1576594	222222	0	33.95238095	-24.75
1576604	222222	24	30.95238095	-20.75
1576608	222222	0	38.95238095	14.25
1576635	222222	0	32.55059524	3.651785714
1576650	222222	76	32.55059524	2.651785714
1577589	222222	0	19.25	5.452380952
1577592	222222	0	-14.75	11.45238095
1577614	222222	0	29.75	2.952380952
1577627	222222	0	10.75	-1.047619048
1577640	222222	0	13.75	-6.047619048
1577648	222222	0	25.75	-6.047619048
1577654	222222	0	12.75	1.952380952
1577664	222222	0	19.75	-4.547619048
1577715	222222	0	11.25	-2.047619048
1577723	222222	0	12.25	2.952380952
1577725	222222	0	13.25	-1.047619048
1577744	222222	0	-0.75	7.952380952
1577746	222222	0	24.25	-0.047619048
1577752	222222	0	-4.75	5.952380952
1577771	222222	0	27.95238095	3.25
1577772	222222	0	26.95238095	-4.75
1577786	222222	0	23.95238095	0.25
1577846	222222	0	25.55059524	-5.348214286
1577855	222222	0	14.55059524	-6.348214286
1577872	222222	0	12.55059524	3.651785714
1578986	222222	0	16.25	-6.547619048
1579035	222222	0	10.75	5.952380952
1579040	222222	0	0.75	5.952380952
1579061	222222	0	25.75	3.452380952
1579148	222222	0	19.55059524	2.651785714
1579162	222222	0	-12.44940476	10.65178571
1579165	222222	0	-0.449404762	6.651785714
1579211	222222	0	11.95238095	4.651785714
1579215	222222	0	-11.04761905	10.65178571
1579237	222222	0	12.65178571	4.25
1579259	222222	0	-5.648809524	5.75
1579264	222222	0	5.351190476	7.75
1579269	222222	0	-12.64880952	11.75
1579304	222222	0	-13.84821429	10.15178571
1579309	222222	0	-1.848214286	5.151785714
1579614	222222	0	-14.75	10.95238095
1579940	222222	0	-3.75	15.45238095
1579954	222222	24	43.75	9.452380952
1579987	222222	0	-11.54761905	17.15178571
1580177	222222	0	25.75	8.452380952
1580196	222222	28	9.75	7.452380952
1580202	222222	0	28.75	12.45238095
1580221	222222	0	29.25	6.952380952
1580248	222222	0	0.952380953	11.25
1580253	222222	0	16.95238095	10.25
1580265	222222	0	26.95238095	12.25
1580276	222222	0	19.55059524	9.651785714
1580292	222222	0	36.55059524	14.65178571
1581166	222222	0	1.25	12.45238095
1581171	222222	0	15.25	10.45238095
1581176	222222	24	10.25	8.452380952
1581310	222222	0	-2.25	10.45238095
1581344	222222	0	-0.25	13.45238095
1581383	222222	0	9.25	10.95238095
1581392	222222	0	4.25	13.95238095
1581407	222222	0	-1.75	14.95238095
1581432	222222	0	1.25	10.95238095
1581445	222222	0	-2.75	13.95238095
1581458	222222	0	-5.75	12.95238095
1581461	222222	0	-14.75	13.95238095
1581481	222222	4	-7.047619047	11.25
1581509	222222	0	34.95238095	11.25
1581517	222222	0	2.952380953	12.25
1581524	222222	0	-1.047619047	13.25
1581550	222222	0	-3.047619047	13.25
1581574	222222	40	10.55059524	11.65178571
1581600	222222	0	-11.44940476	11.65178571
1581623	222222	0	18.55059524	12.65178571
1581655	222222	0	21.45238095	12.15178571
1581695	222222	56	9.452380953	8.151785714
1581697	222222	0	-6.547619047	14.15178571
1581709	222222	0	17.45238095	13.15178571
1581741	222222	100	33.95238095	12.65178571
1581757	222222	0	-9.047619047	11.65178571
1581771	222222	0	8.952380953	14.65178571
1581846	222222	0	20.65178571	10.25
1581867	222222	100	33.65178571	13.25
1581875	222222	0	11.65178571	9.25
1581899	222222	0	15.65178571	12.25
1581925	222222	0	-9.648809524	12.75
1581928	222222	0	21.35119048	12.75
1581944	222222	0	-6.648809524	13.75
1581945	222222	0	15.35119048	12.75
1581977	222222	0	-2.648809524	13.75
1581978	222222	0	-15.64880952	16.75
1581984	222222	0	35.35119048	15.75
1581992	222222	24	11.35119048	11.75
1581995	222222	0	7.151785714	9.151785714
1581998	222222	0	17.15178571	13.15178571
1582017	222222	0	12.15178571	10.15178571
1582019	222222	0	-15.84821429	13.15178571
1582024	222222	100	14.15178571	11.15178571
1582032	222222	48	20.15178571	13.15178571
1582052	222222	0	-4.848214286	10.15178571
1582097	222222	0	31.05059524	13.85119048
1582103	222222	0	-8.949404762	13.85119048
1582120	222222	0	4.050595238	10.85119048
1582128	222222	0	-6.949404762	15.85119048
1582135	222222	0	-14.94940476	15.85119048
1582828	222222	0	15.75	11.45238095
1582829	222222	24	10.75	10.45238095
1582858	222222	0	3.25	13.95238095
1582903	222222	0	16.55059524	11.65178571
1583578	222222	0	33.75	18.45238095
1583585	222222	0	8.151785714	18.15178571
1583843	222222	0	-0.047619047	35.25
1583861	222222	100	8.550595238	35.65178571
1583867	222222	92	-8.547619047	32.15178571
1584059	222222	52	8.75	35.95238095
1584065	222222	0	0.25	34.95238095
1584075	222222	0	-10.04761905	29.25
1628232	222222	0	61.25	43.452381
1628296	222222	16	113.25	40.45238095
1628316	222222	0	117.25	-0.547619048
1628386	222222	0	101.25	36.45238095
1628395	222222	0	82.25	29.45238095
1628412	222222	0	-65.75	0.452380952
1628424	222222	0	107.25	40.45238095
1628447	222222	0	45.25	36.45238095
1628454	222222	0	-119.75	35.45238095
1628460	222222	0	-42.75	-4.547619048
1628505	222222	0	-101.75	30.45238095
1628517	222222	84	42.25	39.45238095
1628569	222222	0	-92.75	50.45238095
1628578	222222	0	0.25	14.45238095
1628582	222222	60	122.25	45.45238095
1628583	222222	0	7.25	6.452380952
1628587	222222	0	17.25	-4.547619048
1628598	222222	52	101.25	22.45238095
1628603	222222	0	103.25	28.45238095
1628611	222222	0	8.25	44.45238095
1628619	222222	0	-41.75	-8.547619048
1628624	222222	0	-48.75	-7.547619048
1628654	222222	0	94.25	31.45238095
1628696	222222	0	41.25	38.45238095
1628698	222222	0	81.25	18.45238095
1628709	222222	0	-108.75	27.45238095
1628720	222222	0	98.25	39.45238095
1628725	222222	0	-98.75	26.45238095
1628778	222222	0	-74.75	-11.54761905
1628783	222222	100	67.25	50.45238095
1628789	222222	0	-116.75	53.45238095
1628807	222222	0	120.25	15.45238095
1628815	222222	0	135.25	35.45238095
1628847	222222	0	64.25	37.45238095
1628849	222222	56	76.25	53.45238095
1628879	222222	0	175.25	-41.54761905
1628920	222222	0	-50.75	-26.54761905
1628939	222222	0	55.25	50.45238095
1628944	222222	0	65.25	40.45238095
1628976	222222	0	-45.75	-8.547619048
1629014	222222	0	-8.75	7.452380952
1629016	222222	0	-43.75	-2.547619048
1629038	222222	0	112.25	2.452380952
1629040	222222	0	140.25	42.45238095
1629061	222222	0	21.25	-16.54761905
1629070	222222	0	101.25	-0.547619048
1629076	222222	0	-37.75	-7.547619048
1629103	222222	0	99.25	32.45238095
1629111	222222	0	-150.75	61.45238095
1629137	222222	0	120.25	-3.547619048
1629144	222222	0	-95.75	17.45238095
1629150	222222	0	-75.75	5.452380952
1629224	222222	0	43.25	0.452380952
1629257	222222	0	-49.75	-28.54761905
1629292	222222	0	-64.75	-7.547619048
1629297	222222	0	44.25	41.45238095
1629298	222222	0	-55.75	-17.54761905
1629310	222222	0	145.25	-7.547619048
1629311	222222	0	28.25	-24.54761905
1629376	222222	8	-99.75	18.45238095
1629432	222222	100	67.25	53.45238095
1629463	222222	12	-51.75	-28.54761905
1629468	222222	100	-105.75	49.45238095
1629473	222222	0	-110.75	52.45238095
1629496	222222	12	-53.75	-29.54761905
1629515	222222	12	118.25	28.45238095
1629582	222222	0	-46.75	-17.54761905
1629589	222222	0	-80.75	46.45238095
1629605	222222	20	60.25	41.45238095
1629615	222222	0	-45.75	-1.547619048
1629620	222222	0	17.25	40.45238095
1629680	222222	0	-95.75	34.45238095
1629686	222222	56	130.25	48.45238095
1629718	222222	100	44.25	48.45238095
1629730	222222	0	-86.75	46.45238095
1629779	222222	0	-111.75	44.45238095
1629795	222222	72	27.25	40.45238095
1629811	222222	92	23.25	49.45238095
1629833	222222	0	98.25	19.45238095
1629863	222222	0	-50.75	0.452380952
1629870	222222	0	73.25	19.45238095
1629872	222222	0	80.25	20.45238095
1629903	222222	0	-111.75	39.45238095
1629947	222222	0	21.25	53.45238095
1629948	222222	60	124.25	42.45238095
1629975	222222	0	121.25	15.45238095
1630017	222222	0	37.25	39.45238095
1630019	222222	0	100.25	47.45238095
1630110	222222	0	-54.75	-15.54761905
1630174	222222	0	-78.75	50.45238095
1630185	222222	0	-62.75	9.452380952
1630204	222222	0	-92.75	47.45238095
1630258	222222	0	-65.75	-16.54761905
1630276	222222	0	96.25	22.45238095
1630288	222222	0	-78.75	40.45238095
1630313	222222	100	53.25	51.45238095
1630321	222222	100	145.25	-34.54761905
1630348	222222	0	101.25	38.45238095
1630354	222222	0	-39.75	-18.54761905
1630361	222222	0	42.25	56.45238095
1630362	222222	100	-111.75	32.45238095
1630382	222222	100	-102.75	45.45238095
1630416	222222	0	31.25	38.45238095
1630421	222222	0	38.25	56.45238095
1630439	222222	0	-111.75	54.45238095
1630448	222222	100	46.25	31.45238095
1630451	222222	56	14.25	58.45238095
1630495	222222	0	15.25	57.45238095
1630505	222222	100	-102.75	40.45238095
1630556	222222	0	99.25	16.45238095
1630588	222222	0	-107.75	59.45238095
1630601	222222	0	136.25	52.45238095
1630623	222222	0	-83.75	36.45238095
1630661	222222	0	46.25	49.45238095
1630707	222222	28	110.75	-8.047619048
1630708	222222	96	48.75	38.95238095
1630712	222222	36	104.75	23.95238095
1630734	222222	100	171.75	-44.04761905
1630735	222222	0	119.75	26.95238095
1630777	222222	100	49.75	35.95238095
1630806	222222	0	80.75	19.95238095
1630930	222222	0	-89.25	17.95238095
1630941	222222	0	127.75	52.95238095
1630975	222222	0	-95.25	32.95238095
1630988	222222	100	-55.25	-23.04761905
1630995	222222	0	104.25	1.452380952
1630999	222222	64	117.25	33.45238095
1631005	222222	64	77.25	13.45238095
1631032	222222	76	114.25	32.45238095
1631040	222222	0	116.25	52.45238095
1631099	222222	88	115.25	32.45238095
1631128	222222	20	26.25	-28.54761905
1631151	222222	88	27.25	41.45238095
1631195	222222	52	81.25	25.45238095
1631240	222222	0	-8.75	40.45238095
1631249	222222	0	16.25	51.45238095
1631310	222222	80	-92.75	41.45238095
1631351	222222	0	34.25	-24.54761905
1631375	222222	0	48.25	-20.54761905
1631384	222222	100	50.25	56.45238095
1631390	222222	0	99.25	8.452380952
1631430	222222	64	115.25	36.45238095
1631434	222222	100	-50.75	-22.54761905
1631485	222222	0	108.25	13.45238095
1631536	222222	0	-116.75	47.45238095
1631552	222222	0	38.25	-5.547619048
1631565	222222	100	80.25	22.45238095
1631568	222222	84	-106.75	49.45238095
1631573	222222	48	2.25	44.45238095
1631589	222222	100	-52.75	-23.54761905
1631632	222222	0	-76.75	36.45238095
1631634	222222	0	36.25	-8.547619048
1631641	222222	100	-93.75	44.45238095
1631769	222222	0	-53.75	-22.54761905
1631790	222222	0	112.25	34.45238095
1631818	222222	0	45.25	25.45238095
1631821	222222	28	116.25	39.45238095
1631831	222222	96	75.25	24.45238095
1631888	222222	0	82.25	40.45238095
1631889	222222	0	47.25	27.45238095
1631915	222222	0	49.25	46.45238095
1631918	222222	0	101.25	62.45238095
1631950	222222	0	73.25	39.45238095
1631965	222222	0	133.25	-22.54761905
1631977	222222	0	-61.75	-5.547619048
1632014	222222	0	-60.75	-8.547619048
1632015	222222	0	74.25	66.45238095
1632033	222222	0	-68.75	-37.54761905
1632035	222222	0	-63.75	-8.547619048
1632037	222222	0	103.25	0.452380952
1632053	222222	0	45.25	45.45238095
1632083	222222	0	56.25	24.45238095
1632097	222222	0	23.25	-22.54761905
1632122	222222	0	-147.75	65.45238095
1632160	222222	0	-77.75	49.45238095
1632161	222222	0	-7.75	28.45238095
1632172	222222	0	60.25	34.45238095
1632179	222222	0	62.25	41.45238095
1632205	222222	0	-70.75	-40.54761905
1632217	222222	0	54.25	23.45238095
1632227	222222	0	25.25	66.45238095
1632229	222222	0	61.25	39.45238095
1632240	222222	0	-0.75	7.452380952
1632241	222222	0	24.25	68.45238095
1632242	222222	0	128.25	66.45238095
1632256	222222	0	60.25	25.45238095
1632261	222222	0	115.25	25.45238095
1632267	222222	0	99.25	1.452380952
1632288	222222	0	93.25	35.45238095
1632298	222222	0	-127.75	55.45238095
1632328	222222	0	-9.75	6.452380952
1632346	222222	0	-44.75	-16.54761905
1632392	222222	0	62.25	52.45238095
1632402	222222	0	41.25	0.452380952
1632410	222222	0	-57.75	-18.54761905
1632443	222222	0	36.25	36.45238095
1632450	222222	0	-54.75	-26.54761905
1632457	222222	0	39.25	-15.54761905
1632458	222222	0	-48.75	-11.54761905
1632463	222222	0	-47.75	-8.547619048
1632490	222222	0	12.25	7.452380952
1632553	222222	0	44.25	14.45238095
1632576	222222	0	167.25	-45.54761905
1632595	222222	0	101.25	34.45238095
1632634	222222	0	-92.75	46.45238095
1632642	222222	0	103.25	33.45238095
1632644	222222	100	-42.75	-17.54761905
1632652	222222	0	96.25	30.45238095
1632660	222222	0	-42.75	-6.547619048
1632674	222222	0	43.25	1.452380952
1632690	222222	0	-58.75	-13.54761905
1632756	222222	0	-109.75	32.45238095
1632767	222222	0	-39.75	-6.547619048
1632773	222222	0	-104.75	37.45238095
1632774	222222	0	86.25	43.45238095
1632790	222222	0	143.25	-34.54761905
1632802	222222	0	134.25	-2.547619048
1632831	222222	0	36.25	34.45238095
1632837	222222	0	20.25	-15.54761905
1632842	222222	0	-9.75	8.452380952
1632855	222222	0	58.25	27.45238095
1632875	222222	0	-64.75	-12.54761905
1632888	222222	0	53.25	46.45238095
1632904	222222	0	106.25	47.45238095
1632915	222222	0	-96.75	38.45238095
1632939	222222	72	78.25	39.45238095
1632948	222222	0	-109.75	27.45238095
1632950	222222	0	67.25	34.45238095
1632964	222222	0	-106.75	45.45238095
1632972	222222	0	92.25	31.45238095
1632975	222222	0	-58.75	-34.54761905
1632982	222222	0	105.25	38.45238095
1633003	222222	0	81.25	45.45238095
1633028	222222	0	65.25	49.45238095
1633039	222222	0	-55.75	-20.54761905
1633096	222222	0	40.25	38.45238095
1633132	222222	0	97.25	24.45238095
1633152	222222	0	98.75	29.95238095
1633170	222222	0	-109.25	35.95238095
1633193	222222	100	112.75	2.952380952
1633206	222222	0	-111.25	32.95238095
1633213	222222	0	-79.25	-2.047619048
1633241	222222	4	-102.25	19.95238095
1633256	222222	0	-75.25	1.952380952
1633261	222222	0	-59.25	-3.047619048
1633297	222222	0	96.75	4.952380952
1633355	222222	0	89.75	31.95238095
1633372	222222	0	74.75	40.95238095
1633419	222222	0	13.75	-4.047619048
1633423	222222	0	64.75	48.95238095
1633429	222222	0	25.75	2.952380952
1633454	222222	0	41.75	1.952380952
1633466	222222	0	-44.25	-22.04761905
1633473	222222	0	107.75	12.95238095
1633492	222222	20	44.75	13.95238095
1633515	222222	0	-9.25	8.952380952
1633557	222222	0	-48.25	-2.047619048
1633566	222222	0	27.75	-31.04761905
1633568	222222	0	-71.25	6.952380952
1633586	222222	0	26.75	-22.04761905
1633596	222222	0	-73.25	-0.047619048
1633636	222222	0	-97.25	29.95238095
1633658	222222	0	48.75	30.95238095
1633660	222222	0	25.75	-3.047619048
1633685	222222	0	-74.25	4.952380952
1633705	222222	0	-44.25	-16.04761905
1633706	222222	0	45.75	47.95238095
1633744	222222	0	67.75	50.95238095
1633755	222222	0	-103.25	19.95238095
1633769	222222	0	140.75	-3.047619048
1633779	222222	0	-70.25	7.952380952
1633780	222222	0	97.75	49.95238095
1633801	222222	0	39.75	-14.04761905
1633804	222222	0	-39.25	-15.04761905
1633860	222222	0	-80.25	8.952380952
1633867	222222	16	-51.25	-26.04761905
1633886	222222	0	-59.25	-19.04761905
1633901	222222	0	-92.25	16.95238095
1633906	222222	32	109.75	37.95238095
1633942	222222	0	-105.25	20.95238095
1633971	222222	0	25.75	-5.047619048
1634001	222222	0	46.75	-16.04761905
1634040	222222	0	30.75	11.95238095
1634041	222222	0	22.75	-9.047619048
1634064	222222	20	-106.25	28.95238095
1634108	222222	0	23.75	41.95238095
1634118	222222	0	10.75	3.952380952
1634124	222222	0	64.75	36.95238095
1634147	222222	0	113.75	23.95238095
1634151	222222	0	29.75	-0.047619048
1634152	222222	0	114.75	29.95238095
1634169	222222	0	36.75	8.952380952
1634174	222222	24	107.75	-7.047619048
1634203	222222	0	23.75	-16.04761905
1634205	222222	0	13.75	11.95238095
1634212	222222	0	11.75	2.952380952
1634226	222222	0	-62.25	-18.04761905
1634243	222222	0	97.75	30.95238095
1634255	222222	0	-109.25	26.95238095
1634272	222222	0	14.75	-16.04761905
1634277	222222	0	22.75	-6.047619048
1634290	222222	0	135.75	-4.047619048
1634299	222222	0	-67.25	7.952380952
1634305	222222	0	98.75	49.95238095
1634308	222222	0	101.75	24.95238095
1634458	222222	0	148.75	-23.04761905
1634467	222222	0	-75.25	-10.04761905
1634469	222222	0	26.75	-9.047619048
1634497	222222	0	30.75	-15.04761905
1634506	222222	0	-99.25	41.95238095
1634548	222222	0	-105.25	39.95238095
1634617	222222	4	-55.25	-30.04761905
1634620	222222	0	64.75	33.95238095
1634626	222222	20	35.75	33.95238095
1634634	222222	0	100.75	48.95238095
1634646	222222	0	110.75	32.95238095
1634667	222222	0	43.75	35.95238095
1634697	222222	100	70.75	53.95238095
1634709	222222	0	-116.25	38.95238095
1634715	222222	0	-121.25	47.95238095
1634723	222222	0	91.75	32.95238095
1634747	222222	0	42.75	38.95238095
1634760	222222	36	107.75	21.95238095
1634779	222222	0	58.75	49.95238095
1634804	222222	0	-105.25	42.95238095
1634821	222222	0	14.75	44.95238095
1634833	222222	0	83.75	29.95238095
1634840	222222	0	117.75	45.95238095
1634874	222222	0	1.75	35.95238095
1634881	222222	0	72.75	28.95238095
1634928	222222	0	90.75	32.95238095
1634967	222222	0	-111.25	36.95238095
1634992	222222	0	-5.25	34.95238095
1634994	222222	0	56.75	48.95238095
1635010	222222	0	69.75	54.95238095
1635018	222222	52	18.75	44.95238095
1635042	222222	0	52.75	49.95238095
1635055	222222	0	-75.25	6.452380952
1635080	222222	8	114.75	3.452380952
1635104	222222	0	-64.25	7.452380952
1635130	222222	0	106.75	39.45238095
1635152	222222	0	-42.25	-21.54761905
1635170	222222	0	144.75	-34.54761905
1635175	222222	0	-113.25	35.45238095
1635241	222222	0	-56.25	-22.54761905
1635311	222222	0	81.75	29.45238095
1635331	222222	0	32.75	11.45238095
1635367	222222	0	-98.25	27.45238095
1635371	222222	0	17.75	-4.547619048
1635384	222222	0	98.75	3.452380952
1635411	222222	0	17.75	-15.54761905
1635443	222222	0	94.75	34.45238095
1635445	222222	0	101.75	-0.547619048
1635451	222222	0	138.75	-6.547619048
1635460	222222	0	103.75	-4.547619048
1635497	222222	0	27.75	-1.547619048
1635504	222222	0	-80.25	8.452380952
1635520	222222	0	-100.25	28.45238095
1635525	222222	0	-37.25	-7.547619048
1635528	222222	0	-50.25	-28.54761905
1635538	222222	0	117.75	1.452380952
1635566	222222	24	-103.25	25.45238095
1635569	222222	0	-100.25	18.45238095
1635573	222222	0	107.75	-7.547619048
1635586	222222	0	-75.25	7.452380952
1635621	222222	0	-52.25	-20.54761905
1635651	222222	0	-57.25	-33.54761905
1635666	222222	0	69.75	34.45238095
1635672	222222	0	-69.25	8.452380952
1635686	222222	0	29.75	-7.547619048
1635692	222222	0	13.75	-12.54761905
1635742	222222	0	18.75	-16.54761905
1635756	222222	0	3.75	44.45238095
1635775	222222	0	39.75	3.452380952
1635788	222222	0	13.75	-8.547619048
1635796	222222	0	28.75	8.452380952
1635819	222222	0	-43.25	-2.547619048
1635879	222222	0	-46.25	-9.547619048
1635894	222222	0	78.75	12.45238095
1635903	222222	0	21.75	-6.547619048
1635946	222222	0	26.75	-5.547619048
1635993	222222	0	137.75	-2.547619048
1635996	222222	0	26.75	8.452380952
1636009	222222	0	113.75	27.45238095
1636021	222222	0	150.75	-5.547619048
1636056	222222	0	-43.25	-14.54761905
1636071	222222	0	3.75	43.45238095
1636105	222222	0	-73.25	9.452380952
1636121	222222	0	-64.25	-15.54761905
1636148	222222	0	27.75	40.45238095
1636158	222222	0	80.75	45.45238095
1636185	222222	0	-108.25	30.45238095
1636186	222222	0	32.75	56.45238095
1636199	222222	0	87.75	29.45238095
1636274	222222	0	71.75	52.45238095
1636281	222222	0	101.75	51.45238095
1636286	222222	0	67.75	42.45238095
1636316	222222	0	79.75	46.45238095
1636341	222222	0	58.75	49.45238095
1636361	222222	0	-73.25	-41.54761905
1636410	222222	64	103.75	26.45238095
1636440	222222	0	81.75	49.45238095
1636476	222222	0	-102.25	18.45238095
1636480	222222	0	13.75	47.45238095
1636553	222222	0	105.75	38.45238095
1636582	222222	0	50.75	36.45238095
1636633	222222	0	17.75	43.45238095
1636642	222222	0	166.75	-45.54761905
1636644	222222	100	68.75	52.45238095
1636659	222222	0	-113.25	41.45238095
1636674	222222	0	13.75	46.45238095
1636711	222222	0	-101.25	18.45238095
1636724	222222	0	143.75	-33.54761905
1636732	222222	100	48.75	35.45238095
1636761	222222	0	48.75	37.45238095
1636814	222222	0	29.75	36.45238095
1636834	222222	0	16.75	-15.54761905
1636844	222222	100	95.75	36.45238095
1636933	222222	0	-85.75	13.95238095
1636948	222222	12	-40.75	-13.04761905
1636952	222222	0	132.25	-1.047619048
1636957	222222	0	103.25	3.952380952
1636962	222222	0	-51.75	0.952380952
1636968	222222	0	104.25	-3.047619048
1636975	222222	0	105.25	-3.047619048
1636995	222222	0	-44.75	-19.04761905
1637020	222222	20	-75.75	5.952380952
1637022	222222	0	-73.75	8.952380952
1637045	222222	0	-41.75	-13.04761905
1637061	222222	56	103.25	-4.047619048
1637075	222222	0	-62.75	-21.04761905
1637079	222222	0	117.25	27.95238095
1637098	222222	0	46.25	-23.04761905
1637102	222222	0	101.25	17.95238095
1637103	222222	0	-52.75	-31.04761905
1637111	222222	0	24.25	-8.047619048
1637117	222222	0	99.25	30.95238095
1637129	222222	0	144.25	-33.04761905
1637146	222222	0	-63.75	7.952380952
1637179	222222	0	13.25	-8.047619048
1637214	222222	0	39.25	-2.047619048
1637215	222222	0	27.25	-6.047619048
1637220	222222	0	-71.75	2.952380952
1637234	222222	0	122.25	16.95238095
1637248	222222	0	100.25	35.95238095
1637251	222222	0	-65.75	9.952380952
1637261	222222	0	22.25	1.952380952
1637313	222222	0	-39.75	-8.047619048
1637328	222222	0	36.25	0.952380952
1637330	222222	0	-36.75	-10.04761905
1637388	222222	0	-105.75	27.95238095
1637390	222222	0	-41.75	-7.047619048
1637394	222222	0	-10.75	10.95238095
1637488	222222	0	27.25	10.95238095
1637489	222222	0	14.25	-8.047619048
1637502	222222	0	35.25	7.952380952
1637515	222222	0	33.25	-8.047619048
1637534	222222	0	-70.75	-14.04761905
1637540	222222	0	39.25	-1.047619048
1637544	222222	0	92.25	23.95238095
1637558	222222	0	-120.75	35.95238095
1637579	222222	0	46.25	-16.04761905
1637619	222222	0	103.25	36.95238095
1637620	222222	0	-43.75	-11.04761905
1637626	222222	0	151.25	-31.04761905
1637633	222222	0	118.25	26.95238095
1637692	222222	92	-69.75	-16.04761905
1637696	222222	0	-4.75	6.952380952
1637702	222222	0	29.25	-1.047619048
1637730	222222	0	39.25	-14.04761905
1637763	222222	0	-68.75	6.952380952
1637764	222222	0	-6.75	14.95238095
1637778	222222	0	32.25	3.952380952
1637779	222222	0	-43.75	-16.04761905
1637783	222222	0	117.25	-0.047619048
1637831	222222	0	166.25	-22.04761905
1637832	222222	92	71.25	24.95238095
1637837	222222	0	-74.75	5.952380952
1637859	222222	0	46.25	35.95238095
1637865	222222	0	13.25	-14.04761905
1637868	222222	0	24.25	3.952380952
1637870	222222	0	38.25	-3.047619048
1637919	222222	0	31.25	-6.047619048
1637929	222222	0	-78.75	-6.047619048
1637951	222222	0	26.75	52.45238095
1637955	222222	0	73.75	49.45238095
1637981	222222	0	83.75	49.45238095
1637998	222222	0	73.25	41.95238095
1638010	222222	0	-104.75	25.95238095
1638014	222222	0	42.25	42.95238095
1638029	222222	0	5.25	51.95238095
1638057	222222	0	61.25	35.95238095
1638060	222222	0	106.25	47.95238095
1638088	222222	0	75.25	44.95238095
1638099	222222	0	65.25	50.95238095
1638121	222222	0	151.25	-25.04761905
1638133	222222	0	-82.75	29.95238095
1638154	222222	0	160.25	-9.047619048
1638168	222222	0	-46.75	-13.04761905
1638169	222222	0	-47.75	-16.04761905
1638179	222222	0	95.25	34.95238095
1638214	222222	0	-110.75	36.95238095
1638253	222222	0	47.25	36.95238095
1638280	222222	0	-56.75	-33.04761905
1638289	222222	0	98.25	34.95238095
1638310	222222	0	49.25	49.95238095
1638312	222222	16	98.25	24.95238095
1638323	222222	52	47.25	39.95238095
1638355	222222	0	45.25	32.95238095
1638380	222222	0	100.25	47.95238095
1638399	222222	0	11.25	46.95238095
1638421	222222	0	14.25	45.95238095
1638431	222222	0	115.25	47.95238095
1638432	222222	0	99.25	34.95238095
1638458	222222	0	73.25	33.95238095
1638472	222222	0	92.25	30.95238095
1638503	222222	0	110.25	40.95238095
1638517	222222	0	-120.75	37.95238095
1638533	222222	0	-112.75	33.95238095
1638581	222222	0	74.25	41.95238095
1638591	222222	0	25.25	-29.04761905
1638595	222222	0	42.25	38.95238095
1638604	222222	0	110.25	35.95238095
1638614	222222	0	98.25	17.95238095
1638615	222222	0	68.25	50.95238095
1638616	222222	0	37.25	39.95238095
1638628	222222	0	102.25	36.95238095
1638660	222222	0	45.25	36.95238095
1638690	222222	16	29.25	38.95238095
1638710	222222	0	11.25	43.95238095
1638752	222222	0	-74.04761905	6.25
1638763	222222	0	138.952381	-6.75
1638769	222222	0	101.952381	5.25
1638776	222222	0	-51.04761905	-11.75
1638777	222222	0	-61.04761905	-15.75
1638781	222222	0	-59.04761905	-25.75
1638872	222222	0	100.952381	29.25
1638919	222222	0	-61.04761905	-18.75
1638933	222222	0	-50.04761905	-14.75
1638966	222222	0	-44.04761905	-14.75
1638975	222222	0	-75.04761905	3.25
1638998	222222	0	102.952381	0.25
1639005	222222	16	14.95238095	-17.75
1639062	222222	0	25.95238095	4.25
1639088	222222	0	25.95238095	-9.75
1639097	222222	0	-39.04761905	-11.75
1639114	222222	0	6.952380953	5.25
1639140	222222	0	-8.047619047	6.25
1639175	222222	0	-75.04761905	-8.75
1639189	222222	0	110.952381	1.25
1639255	222222	0	-104.047619	34.25
1639306	222222	0	-91.04761905	16.25
1639332	222222	0	-8.047619047	5.25
1639334	222222	0	35.95238095	9.25
1639360	222222	0	140.952381	-5.75
1639363	222222	0	-49.04761905	-10.75
1639372	222222	0	90.95238095	29.25
1639393	222222	0	-6.047619047	6.25
1639412	222222	0	39.95238095	0.25
1639424	222222	0	-106.047619	34.25
1639461	222222	0	140.952381	-4.75
1639477	222222	0	34.95238095	-3.75
1639478	222222	0	123.952381	-5.75
1639483	222222	0	-74.04761905	9.25
1639508	222222	0	-64.04761905	-21.75
1639510	222222	16	101.952381	23.25
1639521	222222	0	81.95238095	30.25
1639522	222222	0	23.95238095	12.25
1639526	222222	0	143.952381	-6.75
1639565	222222	0	30.95238095	2.25
1639571	222222	0	88.95238095	30.25
1639586	222222	32	-89.04761905	17.25
1639601	222222	0	27.95238095	-26.75
1639619	222222	0	-8.047619047	8.25
1639641	222222	0	121.25	59.95238095
1639649	222222	0	-100.75	54.95238095
1639660	222222	0	24.25	67.95238095
1639682	222222	0	5.25	61.95238095
1639689	222222	0	70.25	50.95238095
1639698	222222	0	106.25	49.95238095
1639737	222222	0	73.25	51.95238095
1639761	222222	0	92.95238095	29.25
1639795	222222	0	71.95238095	39.25
1639846	222222	0	-49.04761905	-22.75
1639848	222222	0	-54.04761905	-23.75
1639861	222222	88	-58.04761905	-33.75
1639868	222222	0	-103.047619	47.25
1639869	222222	0	-104.047619	36.25
1639872	222222	0	-56.04761905	-29.75
1639928	222222	0	174.952381	-38.75
1639948	222222	0	-108.047619	47.25
1639951	222222	0	101.952381	34.25
1639974	222222	0	108.952381	37.25
1640040	222222	0	35.95238095	36.25
1640048	222222	0	-111.047619	31.25
1640079	222222	0	143.952381	-30.75
1640088	222222	0	-0.047619047	44.25
1640091	222222	0	31.95238095	37.25
1640108	222222	0	66.95238095	25.25
1640110	222222	0	74.95238095	45.25
1640129	222222	0	29.95238095	37.25
1640168	222222	64	106.952381	40.25
1640185	222222	0	66.95238095	42.25
1640202	222222	0	-99.04761905	37.25
1640207	222222	0	161.952381	-9.75
1640247	222222	0	19.95238095	-16.75
1640256	222222	0	75.95238095	49.25
1640307	222222	0	-90.04761905	46.25
1640320	222222	0	-6.047619047	32.25
1640321	222222	0	87.95238095	29.25
1640325	222222	0	70.95238095	32.25
1640336	222222	0	-98.04761905	33.25
1640337	222222	0	100.952381	26.25
1640339	222222	0	29.95238095	-22.75
1640369	222222	0	40.95238095	40.25
1640373	222222	0	108.952381	36.25
1640447	222222	0	172.952381	-43.75
1640451	222222	0	-114.047619	37.25
1640489	222222	0	-41.44940476	-14.34821429
1640503	222222	0	125.5505952	9.651785714
1640509	222222	0	-76.44940476	-0.348214286
1640536	222222	0	-58.44940476	-13.34821429
1640541	222222	0	79.55059524	29.65178571
1640554	222222	0	-108.4494048	30.65178571
1640559	222222	0	-75.44940476	5.651785714
1640578	222222	0	151.5505952	-5.348214286
1640616	222222	0	-37.44940476	-8.348214286
1640625	222222	0	108.5505952	-7.348214286
1640638	222222	0	-49.44940476	-9.348214286
1640654	222222	0	-47.44940476	-5.348214286
1640697	222222	0	121.5505952	-2.348214286
1640760	222222	44	23.55059524	10.65178571
1640806	222222	0	24.55059524	-8.348214286
1640826	222222	0	19.55059524	-6.348214286
1640859	222222	36	-62.44940476	-26.34821429
1640890	222222	0	-66.44940476	8.651785714
1640923	222222	0	-37.44940476	-5.348214286
1640934	222222	0	-48.44940476	-6.348214286
1640935	222222	0	-107.4494048	26.65178571
1640949	222222	0	47.55059524	7.651785714
1640969	222222	0	126.5505952	-3.348214286
1640980	222222	0	-3.449404762	10.65178571
1640985	222222	0	127.5505952	0.651785714
1640989	222222	0	92.55059524	10.65178571
1641049	222222	0	115.5505952	-2.348214286
1641051	222222	0	35.55059524	1.651785714
1641055	222222	0	38.55059524	-2.348214286
1641097	222222	0	20.55059524	4.651785714
1641122	222222	0	-45.44940476	-16.34821429
1641123	222222	0	-60.44940476	-9.348214286
1641134	222222	0	37.55059524	-16.34821429
1641135	222222	0	101.5505952	4.651785714
1641150	222222	0	44.55059524	6.651785714
1641162	222222	20	-35.44940476	-6.348214286
1641165	222222	52	-78.44940476	-7.348214286
1641200	222222	0	-5.449404762	7.651785714
1641209	222222	0	27.55059524	8.651785714
1641218	222222	0	-45.44940476	-5.348214286
1641323	222222	32	140.75	-8.047619048
1641329	222222	100	-97.25	18.95238095
1641356	222222	0	100.75	49.95238095
1641362	222222	32	-78.25	21.95238095
1641377	222222	0	-50.25	-30.04761905
1641396	222222	0	14.75	46.95238095
1641407	222222	0	-45.25	-3.047619048
1641425	222222	0	53.75	48.95238095
1641475	222222	68	-47.25	-20.04761905
1641499	222222	40	111.75	27.95238095
1641557	222222	88	109.75	22.95238095
1641577	222222	0	-110.25	40.95238095
1641595	222222	100	-111.25	47.95238095
1641597	222222	0	36.75	40.95238095
1641617	222222	0	-62.25	-11.04761905
1641653	222222	0	55.75	37.95238095
1641658	222222	0	15.75	44.95238095
1641673	222222	0	99.75	21.95238095
1641703	222222	100	139.75	-35.04761905
1641714	222222	36	22.75	62.95238095
1641741	222222	0	-66.25	47.95238095
1641756	222222	8	21.75	47.95238095
1641772	222222	96	-109.25	45.95238095
1641774	222222	40	125.75	39.95238095
1641790	222222	100	41.75	56.95238095
1641797	222222	24	-55.25	-27.04761905
1641801	222222	0	6.75	52.95238095
1641804	222222	0	-98.25	38.95238095
1641819	222222	0	-110.25	51.95238095
1641845	222222	0	120.75	46.95238095
1641860	222222	0	113.75	49.95238095
1641865	222222	0	111.75	40.95238095
1641974	222222	12	141.75	-34.04761905
1641994	222222	0	120.75	44.95238095
1642021	222222	72	-49.25	-23.04761905
1642035	222222	0	57.75	52.95238095
1642061	222222	0	-112.25	50.95238095
1642062	222222	0	-55.25	-28.04761905
1642090	222222	0	125.75	50.95238095
1642100	222222	0	69.75	29.95238095
1642116	222222	92	-1.25	52.95238095
1642136	222222	48	-8.25	42.95238095
1642149	222222	0	121.75	40.95238095
1642166	222222	0	-93.25	48.95238095
1642190	222222	0	-113.25	54.95238095
1642195	222222	0	25.75	46.95238095
1642245	222222	0	169.75	-46.04761905
1642260	222222	0	65.75	58.95238095
1642279	222222	0	18.75	52.95238095
1642350	222222	0	102.75	-1.547619048
1642351	222222	0	-58.25	-24.54761905
1642375	222222	0	124.75	1.452380952
1642381	222222	0	-43.25	-18.54761905
1642385	222222	0	80.75	19.45238095
1642389	222222	12	101.75	28.45238095
1642418	222222	68	-51.25	-28.54761905
1642427	222222	52	119.75	33.45238095
1642439	222222	32	28.75	38.45238095
1642443	222222	96	-102.25	21.45238095
1642496	222222	0	101.75	27.45238095
1642515	222222	0	-88.25	13.45238095
1642516	222222	0	-53.25	-22.54761905
1642529	222222	0	-48.25	-17.54761905
1642533	222222	0	-86.25	12.45238095
1642544	222222	100	98.75	39.45238095
1642547	222222	0	-89.25	37.45238095
1642549	222222	0	104.75	26.45238095
1642578	222222	96	-50.25	-26.54761905
1642606	222222	0	110.75	-2.547619048
1642624	222222	0	119.75	11.45238095
1642635	222222	0	-41.25	-15.54761905
1642648	222222	52	104.75	28.45238095
1642665	222222	84	121.75	43.45238095
1642676	222222	56	139.75	36.45238095
1642677	222222	0	-46.25	-3.547619048
1642681	222222	0	-44.25	-14.54761905
1642718	222222	0	-73.25	5.452380952
1642723	222222	0	-111.25	25.45238095
1642725	222222	28	121.75	-10.54761905
1642747	222222	0	-64.25	9.452380952
1642752	222222	0	-35.25	-5.547619048
1642764	222222	0	101.75	26.45238095
1642771	222222	0	-103.25	32.45238095
1642775	222222	0	119.75	45.45238095
1642874	222222	0	-65.25	48.45238095
1642883	222222	0	128.75	53.45238095
1642896	222222	0	59.75	43.45238095
1642904	222222	92	133.75	47.45238095
1642923	222222	0	94.75	51.45238095
1642930	222222	0	12.75	56.45238095
1642932	222222	0	103.75	53.45238095
1642933	222222	0	-56.25	-25.54761905
1642943	222222	0	23.75	48.45238095
1642958	222222	0	7.75	45.45238095
1642963	222222	100	100.75	25.45238095
1642966	222222	0	56.75	56.45238095
1642977	222222	0	123.75	41.45238095
1643075	222222	0	69.75	54.45238095
1643077	222222	0	133.75	45.45238095
1643167	222222	0	137.75	50.45238095
1643195	222222	0	-69.25	44.45238095
1643214	222222	0	80.75	43.45238095
1643236	222222	0	127.75	47.45238095
1643256	222222	0	-104.25	44.45238095
1643257	222222	0	140.75	39.45238095
1643339	222222	56	116.75	32.45238095
1643367	222222	80	100.75	38.45238095
1643376	222222	0	34.75	50.45238095
1643389	222222	0	110.75	30.45238095
1643407	222222	0	15.75	44.45238095
1643414	222222	0	32.75	54.45238095
1643438	222222	100	-63.25	-37.54761905
1643446	222222	0	45.75	48.45238095
1643463	222222	76	-91.25	39.45238095
1643481	222222	0	126.75	52.45238095
1643489	222222	24	-44.25	-18.54761905
1643509	222222	0	81.75	43.45238095
1643566	222222	0	-139.25	59.45238095
1643588	222222	0	-74.75	-15.04761905
1643603	222222	0	-44.75	-4.047619048
1643604	222222	0	-49.75	-5.047619048
1643629	222222	0	111.25	24.95238095
1643632	222222	0	-71.75	6.952380952
1643634	222222	0	-104.75	21.95238095
1643647	222222	0	-50.75	-24.04761905
1643653	222222	0	115.25	-2.047619048
1643672	222222	0	82.25	16.95238095
1643686	222222	20	105.25	28.95238095
1643689	222222	0	-109.75	29.95238095
1643784	222222	0	94.25	21.95238095
1643789	222222	0	-56.75	-18.04761905
1643793	222222	0	-47.75	-20.04761905
1643850	222222	0	80.25	20.95238095
1643860	222222	0	97.25	26.95238095
1643866	222222	20	117.25	24.95238095
1643868	222222	0	-35.75	-8.047619048
1643876	222222	80	91.25	22.95238095
1643881	222222	52	-90.75	15.95238095
1643884	222222	0	92.25	22.95238095
1643893	222222	92	-45.75	-23.04761905
1643941	222222	0	-35.75	-9.047619048
1643948	222222	0	-89.75	15.95238095
1643966	222222	0	105.25	16.95238095
1643972	222222	0	99.25	15.95238095
1643984	222222	0	-96.75	16.95238095
1644003	222222	72	-56.75	-10.04761905
1644014	222222	0	-50.75	-5.047619048
1644027	222222	0	102.25	25.95238095
1644056	222222	0	60.75	56.45238095
1644079	222222	36	-3.25	57.45238095
1644080	222222	100	-117.25	55.45238095
1644132	222222	0	124.25	-10.04761905
1644136	222222	96	-98.75	19.95238095
1644147	222222	100	-58.75	-13.04761905
1644157	222222	0	29.25	51.95238095
1644164	222222	0	-72.75	42.95238095
1644166	222222	0	-81.75	37.95238095
1644175	222222	0	30.25	39.95238095
1644182	222222	0	112.25	29.95238095
1644203	222222	0	-104.75	37.95238095
1644208	222222	84	106.25	51.95238095
1644211	222222	8	-97.75	30.95238095
1644224	222222	100	10.25	47.95238095
1644250	222222	8	-8.75	42.95238095
1644254	222222	0	19.25	42.95238095
1644268	222222	60	104.25	28.95238095
1644271	222222	0	44.25	42.95238095
1644288	222222	28	116.25	25.95238095
1644295	222222	0	52.25	27.95238095
1644334	222222	0	94.25	20.95238095
1644347	222222	0	134.25	46.95238095
1644356	222222	0	109.25	35.95238095
1644364	222222	0	103.25	26.95238095
1644370	222222	0	27.25	39.95238095
1644420	222222	0	116.25	54.95238095
1644438	222222	0	-98.75	21.95238095
1644455	222222	68	-97.75	38.95238095
1644481	222222	36	18.25	56.95238095
1644498	222222	0	-41.75	-17.04761905
1644506	222222	0	106.25	33.95238095
1644510	222222	0	-6.75	37.95238095
1644545	222222	100	35.25	39.95238095
1644574	222222	0	-120.75	42.95238095
1644581	222222	0	43.25	39.95238095
1644612	222222	0	-85.75	35.95238095
1644626	222222	0	-43.75	-22.04761905
1644666	222222	0	45.25	45.95238095
1644694	222222	100	-101.75	39.95238095
1644708	222222	96	175.25	-38.04761905
1644717	222222	0	111.25	48.95238095
1644746	222222	0	24.25	42.95238095
1644759	222222	0	125.952381	-8.75
1644798	222222	0	-41.04761905	-19.75
1644803	222222	0	-97.04761905	20.25
1644804	222222	32	109.952381	28.25
1644812	222222	0	118.952381	26.25
1644813	222222	20	121.952381	18.25
1644841	222222	0	106.952381	30.25
1644879	222222	0	-42.04761905	-19.75
1644942	222222	0	-65.04761905	8.25
1644948	222222	84	-48.04761905	-1.75
1645027	222222	100	-54.04761905	-18.75
1645036	222222	0	-65.04761905	9.25
1645065	222222	0	102.952381	-1.75
1645073	222222	0	114.952381	-1.75
1645076	222222	0	121.952381	-3.75
1645104	222222	0	117.952381	24.25
1645105	222222	0	78.95238095	14.25
1645121	222222	100	103.25	53.95238095
1645123	222222	0	23.25	61.95238095
1645127	222222	0	-95.75	48.95238095
1645140	222222	64	50.25	60.95238095
1645162	222222	32	57.25	56.95238095
1645183	222222	96	55.25	50.95238095
1645211	222222	0	112.25	50.95238095
1645214	222222	100	91.25	53.95238095
1645232	222222	12	65.25	56.95238095
1645261	222222	0	90.25	53.95238095
1645277	222222	0	41.25	53.95238095
1645330	222222	0	110.25	52.95238095
1645344	222222	0	-100.047619	32.25
1645383	222222	0	-68.04761905	8.25
1645390	222222	0	-109.047619	44.25
1645456	222222	0	-104.047619	48.25
1645460	222222	0	50.95238095	50.25
1645501	222222	0	41.95238095	39.25
1645508	222222	100	-61.04761905	-37.75
1645526	222222	0	-57.04761905	-22.75
1645542	222222	0	99.95238095	35.25
1645559	222222	100	122.952381	10.25
1645569	222222	0	-103.047619	39.25
1645575	222222	100	-55.04761905	-21.75
1645581	222222	24	113.952381	29.25
1645583	222222	100	139.952381	-34.75
1645587	222222	0	150.952381	-31.75
1645644	222222	0	-95.04761905	45.25
1645670	222222	40	105.952381	27.25
1645686	222222	0	-60.04761905	-23.75
1645713	222222	0	-73.04761905	18.25
1645716	222222	16	-95.04761905	31.25
1645755	222222	28	-0.047619047	49.25
1645757	222222	20	107.952381	27.25
1645770	222222	0	175.952381	-40.75
1645811	222222	24	110.952381	37.25
1645839	222222	0	-58.04761905	-36.75
1645876	222222	0	98.95238095	30.25
1645904	222222	0	-106.4494048	31.65178571
1645917	222222	0	-51.44940476	-3.348214286
1645963	222222	0	111.5505952	-2.348214286
1646022	222222	0	97.55059524	17.65178571
1646024	222222	0	103.5505952	23.65178571
1646050	222222	0	-84.44940476	10.65178571
1646082	222222	0	102.5505952	23.65178571
1646098	222222	0	-47.44940476	-1.348214286
1646147	222222	0	-68.44940476	7.651785714
1646155	222222	0	-64.44940476	-17.34821429
1646229	222222	0	25.95238095	41.25
1646233	222222	32	27.95238095	44.25
1646239	222222	76	64.95238095	54.25
1646272	222222	44	9.952380953	59.25
1646276	222222	0	13.95238095	56.25
1646298	222222	0	109.952381	49.25
1646304	222222	12	91.95238095	54.25
1646307	222222	0	104.952381	50.25
1646316	222222	0	131.952381	46.25
1646376	222222	0	128.952381	52.25
1646378	222222	0	125.952381	42.25
1646379	222222	0	-69.04761905	45.25
1646425	222222	0	55.95238095	58.25
1646437	222222	0	-117.047619	48.25
1646443	222222	0	72.95238095	41.25
1646458	222222	0	41.95238095	43.25
1646478	222222	88	57.95238095	56.25
1646482	222222	0	35.95238095	58.25
1646507	222222	0	65.95238095	54.25
1646524	222222	0	119.952381	51.25
1646525	222222	52	-78.04761905	44.25
1646531	222222	96	87.95238095	56.25
1646537	222222	0	85.95238095	57.25
1646625	222222	0	50.55059524	34.65178571
1646694	222222	0	-88.44940476	31.65178571
1646717	222222	0	-39.44940476	-12.34821429
1646732	222222	0	-40.44940476	-20.34821429
1646742	222222	100	-65.44940476	-33.34821429
1646792	222222	100	-62.44940476	-38.34821429
1646813	222222	0	-104.4494048	41.65178571
1646831	222222	80	77.55059524	39.65178571
1646850	222222	0	19.55059524	43.65178571
1646851	222222	0	-87.44940476	31.65178571
1646866	222222	0	115.5505952	29.65178571
1646875	222222	0	106.5505952	29.65178571
1646890	222222	44	117.5505952	28.65178571
1646903	222222	0	98.55059524	10.65178571
1646931	222222	60	-40.44940476	-18.34821429
1646940	222222	100	74.55059524	27.65178571
1646944	222222	0	113.5505952	24.65178571
1647042	222222	0	91.45238095	29.15178571
1647073	222222	0	116.452381	24.15178571
1647075	222222	0	105.452381	15.15178571
1647080	222222	100	71.45238095	26.15178571
1647099	222222	0	-51.54761905	-19.84821429
1647101	222222	0	-49.54761905	-3.848214286
1647109	222222	88	-51.54761905	-15.84821429
1647172	222222	0	150.452381	-26.84821429
1647190	222222	0	-60.54761905	2.151785714
1647195	222222	0	120.452381	17.15178571
1647210	222222	20	109.452381	19.15178571
1647214	222222	0	98.45238095	23.15178571
1647218	222222	0	-73.54761905	-3.848214286
1647220	222222	0	101.452381	-0.848214286
1647250	222222	0	95.45238095	24.15178571
1647273	222222	0	-76.54761905	1.151785714
1647302	222222	0	66.95238095	58.25
1647304	222222	0	159.952381	58.25
1647306	222222	20	28.95238095	61.25
1647334	222222	0	53.95238095	58.25
1647350	222222	0	80.55059524	55.65178571
1647398	222222	0	69.55059524	52.65178571
1647405	222222	0	107.5505952	51.65178571
1647406	222222	0	-82.44940476	48.65178571
1647415	222222	0	102.5505952	46.65178571
1647426	222222	0	170.5505952	-45.34821429
1647431	222222	0	-103.4494048	42.65178571
1647435	222222	16	122.5505952	40.65178571
1647450	222222	0	105.5505952	49.65178571
1647464	222222	76	34.55059524	48.65178571
1647493	222222	0	44.55059524	48.65178571
1647508	222222	0	130.5505952	50.65178571
1647540	222222	100	-119.4494048	47.65178571
1647616	222222	0	-118.4494048	42.65178571
1647657	222222	0	-7.449404762	43.65178571
1647658	222222	100	105.5505952	48.65178571
1647673	222222	0	-104.4494048	40.65178571
1647698	222222	0	103.5505952	46.65178571
1647712	222222	100	-110.4494048	52.65178571
1647719	222222	68	124.5505952	45.65178571
1647741	222222	0	-90.54761905	17.15178571
1647802	222222	0	-95.54761905	34.15178571
1647864	222222	0	-94.54761905	36.15178571
1647888	222222	0	-95.54761905	33.15178571
1647912	222222	0	120.452381	24.15178571
1647953	222222	0	-71.54761905	-33.84821429
1647986	222222	0	-155.547619	19.15178571
1647987	222222	0	-107.547619	39.15178571
1647988	222222	80	-52.54761905	-13.84821429
1648008	222222	8	138.452381	36.15178571
1648025	222222	0	-98.54761905	38.15178571
1648034	222222	0	81.45238095	19.15178571
1648035	222222	0	-98.54761905	23.15178571
1648043	222222	0	107.452381	27.15178571
1648052	222222	0	108.452381	35.15178571
1648064	222222	28	80.45238095	20.15178571
1648083	222222	0	121.452381	17.15178571
1648095	222222	100	115.452381	30.15178571
1648126	222222	96	116.452381	28.15178571
1648129	222222	0	93.45238095	32.15178571
1648138	222222	0	-71.54761905	-30.84821429
1648167	222222	0	-57.04761905	-2.348214286
1648192	222222	0	-46.04761905	-1.348214286
1648238	222222	8	-100.047619	19.65178571
1648240	222222	0	79.95238095	23.65178571
1648264	222222	0	106.952381	21.65178571
1648322	222222	0	95.95238095	22.65178571
1648349	222222	4	110.952381	-7.348214286
1648378	222222	0	-64.04761905	8.651785714
1648391	222222	80	89.95238095	23.65178571
1648395	222222	0	104.952381	20.65178571
1648416	222222	0	90.55059524	56.65178571
1648440	222222	0	66.55059524	57.65178571
1648461	222222	0	-8.449404762	54.65178571
1648492	222222	0	83.55059524	56.65178571
1648505	222222	48	23.55059524	60.65178571
1648525	222222	0	51.55059524	56.65178571
1648527	222222	80	22.55059524	61.65178571
1648550	222222	60	107.452381	35.15178571
1648554	222222	0	99.45238095	47.15178571
1648576	222222	68	17.45238095	47.15178571
1648607	222222	0	108.452381	47.15178571
1648656	222222	12	30.45238095	37.15178571
1648670	222222	0	24.45238095	37.15178571
1648675	222222	40	27.45238095	39.15178571
1648684	222222	92	131.452381	47.15178571
1648713	222222	0	87.45238095	47.15178571
1648723	222222	0	133.452381	49.15178571
1648780	222222	20	-93.54761905	41.15178571
1648820	222222	0	111.452381	52.15178571
1648823	222222	20	118.452381	34.15178571
1648837	222222	0	-92.54761905	37.15178571
1648842	222222	76	115.952381	38.65178571
1648855	222222	0	59.95238095	32.65178571
1648856	222222	36	96.95238095	19.65178571
1648857	222222	0	-92.04761905	37.65178571
1648885	222222	0	101.952381	23.65178571
1648910	222222	100	-101.047619	32.65178571
1648945	222222	72	108.952381	21.65178571
1648950	222222	0	-99.04761905	23.65178571
1648988	222222	0	103.952381	27.65178571
1648994	222222	64	-106.047619	34.65178571
1648996	222222	0	139.952381	-37.34821429
1649001	222222	28	112.952381	26.65178571
1649023	222222	0	60.95238095	36.65178571
1649061	222222	0	55.95238095	31.65178571
1649081	222222	0	120.952381	-33.34821429
1649177	222222	0	-97.04761905	30.65178571
1649207	222222	0	114.952381	27.65178571
1649211	222222	68	-98.04761905	37.65178571
1649234	222222	100	110.6517857	-6.75
1649241	222222	0	102.6517857	19.25
1649243	222222	0	107.6517857	-2.75
1649282	222222	0	-63.34821429	9.25
1649303	222222	0	-49.34821429	-23.75
1649314	222222	0	120.6517857	-1.75
1649338	222222	0	-69.34821429	8.25
1649353	222222	0	120.6517857	16.25
1649354	222222	64	112.6517857	23.25
1649368	222222	0	-73.34821429	5.25
1649403	222222	0	-46.34821429	-1.75
1649404	222222	0	104.6517857	21.25
1649420	222222	0	100.6517857	-0.75
1649423	222222	0	-76.34821429	20.25
1649426	222222	0	-55.34821429	-9.75
1649463	222222	0	64.45238095	57.15178571
1649508	222222	0	69.45238095	57.15178571
1649530	222222	100	67.45238095	52.15178571
1649538	222222	0	-118.547619	56.15178571
1649543	222222	0	62.45238095	58.15178571
1649566	222222	0	81.45238095	56.15178571
1649569	222222	0	32.45238095	54.15178571
1649635	222222	100	22.45238095	53.15178571
1649713	222222	40	85.95238095	44.65178571
1649747	222222	76	114.952381	41.65178571
1649759	222222	0	-108.047619	39.65178571
1649787	222222	44	120.952381	30.65178571
1649819	222222	0	-69.04761905	44.65178571
1649821	222222	0	37.95238095	40.65178571
1649840	222222	100	-100.047619	45.65178571
1649888	222222	0	25.95238095	46.65178571
1649921	222222	0	-83.04761905	38.65178571
1649922	222222	0	40.95238095	34.65178571
1649984	222222	16	139.952381	37.65178571
1649993	222222	0	115.952381	48.65178571
1650038	222222	0	-58.34821429	-15.75
1650039	222222	0	36.65178571	37.25
1650043	222222	0	149.6517857	-32.75
1650046	222222	0	-68.34821429	-27.75
1650074	222222	96	-98.34821429	20.25
1650086	222222	52	-100.3482143	27.25
1650090	222222	0	105.6517857	27.25
1650110	222222	0	-60.34821429	-30.75
1650133	222222	0	94.65178571	19.25
1650144	222222	20	-90.34821429	19.25
1650146	222222	0	-40.34821429	-12.75
1650188	222222	44	115.6517857	-28.75
1650189	222222	20	107.6517857	13.25
1650216	222222	44	73.65178571	27.25
1650218	222222	0	-102.3482143	28.25
1650243	222222	36	105.6517857	16.25
1650249	222222	0	-69.34821429	-12.75
1650258	222222	0	-89.34821429	14.25
1650264	222222	0	82.65178571	29.25
1650364	222222	0	94.35119048	22.75
1650373	222222	0	94.35119048	21.75
1650423	222222	0	-63.64880952	-10.25
1650436	222222	56	-39.64880952	-16.25
1650511	222222	8	-69.64880952	10.75
1650530	222222	0	-58.64880952	-10.25
1650531	222222	0	95.35119048	24.75
1650586	222222	0	46.45238095	61.15178571
1650603	222222	0	56.95238095	57.65178571
1650604	222222	0	14.95238095	44.65178571
1650621	222222	84	132.952381	47.65178571
1650684	222222	0	10.95238095	53.65178571
1650699	222222	40	-69.04761905	47.65178571
1650704	222222	0	135.952381	48.65178571
1650706	222222	56	-114.047619	50.65178571
1650711	222222	0	5.952380953	51.65178571
1650734	222222	0	115.952381	49.65178571
1650737	222222	100	-106.047619	49.65178571
1650780	222222	0	14.95238095	49.65178571
1650789	222222	0	-90.04761905	50.65178571
1650808	222222	0	-4.047619047	52.65178571
1650848	222222	100	22.95238095	54.65178571
1650851	222222	48	8.952380953	54.65178571
1650861	222222	0	-159.047619	56.65178571
1650870	222222	0	142.952381	43.65178571
1650906	222222	0	-88.34821429	47.25
1650915	222222	0	152.6517857	-30.75
1650924	222222	0	47.65178571	38.25
1650925	222222	0	-81.34821429	35.25
1650931	222222	0	36.65178571	40.25
1650941	222222	0	20.65178571	38.25
1650952	222222	0	-81.34821429	37.25
1650964	222222	36	116.6517857	40.25
1650991	222222	100	54.65178571	37.25
1650994	222222	100	121.6517857	41.25
1651004	222222	100	47.65178571	34.25
1651009	222222	0	-79.34821429	40.25
1651017	222222	0	-3.348214286	38.25
1651023	222222	0	-77.34821429	37.25
1651038	222222	0	21.65178571	40.25
1651043	222222	0	21.65178571	39.25
1651047	222222	0	112.6517857	37.25
1651064	222222	0	98.65178571	36.25
1651071	222222	72	-79.34821429	47.25
1651074	222222	0	-84.34821429	35.25
1651085	222222	0	-61.34821429	-34.75
1651090	222222	4	42.65178571	37.25
1651097	222222	100	-59.34821429	-32.75
1651119	222222	0	-111.3482143	39.25
1651136	222222	0	-6.348214286	43.25
1651173	222222	100	51.65178571	35.25
1651180	222222	100	-102.3482143	41.25
1651199	222222	0	69.65178571	30.25
1651224	222222	0	-52.64880952	-20.25
1651235	222222	0	96.35119048	21.75
1651299	222222	0	93.35119048	21.75
1651310	222222	100	-57.64880952	-29.25
1651389	222222	100	151.3511905	-27.25
1651410	222222	0	84.35119048	23.75
1651418	222222	0	97.35119048	18.75
1651435	222222	0	-58.64880952	-27.25
1651509	222222	0	118.3511905	27.75
1651510	222222	0	-86.84821429	21.15178571
1651512	222222	0	94.15178571	19.15178571
1651520	222222	0	111.1517857	-2.848214286
1651550	222222	0	-88.84821429	21.15178571
1651571	222222	0	-45.84821429	-3.848214286
1651579	222222	56	81.15178571	20.15178571
1651586	222222	0	-45.84821429	-6.848214286
1651592	222222	36	98.15178571	16.15178571
1651624	222222	0	101.1517857	18.15178571
1651627	222222	0	-77.84821429	-8.848214286
1651645	222222	0	-67.84821429	10.15178571
1651661	222222	0	-58.84821429	-14.84821429
1651675	222222	0	101.1517857	19.15178571
1651685	222222	0	-50.84821429	-7.848214286
1651697	222222	0	100.1517857	1.151785714
1651735	222222	0	17.95238095	59.65178571
1651743	222222	0	21.95238095	62.65178571
1651747	222222	0	-3.047619047	54.65178571
1651821	222222	96	67.65178571	54.25
1651828	222222	0	-9.348214285	54.25
1651854	222222	0	-60.34821429	46.25
1651874	222222	0	81.65178571	55.25
1651880	222222	68	82.65178571	41.25
1651913	222222	32	136.6517857	50.25
1651922	222222	0	115.6517857	48.25
1651963	222222	0	123.6517857	41.25
1651993	222222	4	-122.3482143	47.25
1652004	222222	0	124.6517857	53.25
1652014	222222	0	-110.3482143	54.25
1652024	222222	0	118.6517857	50.25
1652029	222222	92	134.6517857	48.25
1652036	222222	0	-84.64880952	33.75
1652041	222222	0	9.351190476	39.75
1652053	222222	100	114.3511905	39.75
1652068	222222	0	46.35119048	38.75
1652075	222222	0	-93.64880952	36.75
1652083	222222	100	31.35119048	39.75
1652085	222222	0	114.3511905	31.75
1652105	222222	32	112.3511905	33.75
1652106	222222	0	94.35119048	30.75
1652171	222222	100	-102.6488095	42.75
1652187	222222	0	36.35119048	37.75
1652262	222222	0	125.3511905	39.75
1652282	222222	84	-88.64880952	36.75
1652286	222222	0	-78.64880952	34.75
1652314	222222	0	-93.64880952	37.75
1652316	222222	0	55.35119048	37.75
1652317	222222	0	108.3511905	34.75
1652383	222222	0	-46.84821429	-22.84821429
1652385	222222	0	78.15178571	23.15178571
1652394	222222	0	149.1517857	-31.84821429
1652405	222222	0	-99.84821429	29.15178571
1652410	222222	0	-41.84821429	-17.84821429
1652425	222222	0	-41.84821429	-15.84821429
1652438	222222	0	-61.84821429	-20.84821429
1652444	222222	0	-71.84821429	18.15178571
1652449	222222	68	-55.84821429	-24.84821429
1652477	222222	0	-51.84821429	-24.84821429
1652495	222222	0	-57.84821429	-28.84821429
1652559	222222	0	83.15178571	24.15178571
1652574	222222	96	82.15178571	19.15178571
1652575	222222	0	-62.84821429	-28.84821429
1652580	222222	16	-54.84821429	-20.84821429
1652607	222222	0	-44.94940476	-4.148809524
1652613	222222	0	-68.94940476	8.851190476
1652639	222222	100	106.0505952	9.851190476
1652664	222222	0	103.0505952	-3.148809524
1652669	222222	0	102.0505952	-0.148809524
1652687	222222	0	108.0505952	-3.148809524
1652692	222222	0	-63.94940476	-9.148809524
1652717	222222	0	125.0505952	-15.14880952
1652720	222222	0	-60.94940476	13.85119048
1652732	222222	0	-47.94940476	-6.148809524
1652742	222222	0	-36.94940476	-10.14880952
1652764	222222	76	-85.75	37.45238095
1652791	222222	100	79.25	25.45238095
1652799	222222	100	-6.75	12.45238095
1652805	222222	100	-89.75	42.45238095
1652819	222222	0	20.25	-19.54761905
1652831	222222	76	16.25	45.45238095
1652837	222222	0	-7.75	4.452380952
1652853	222222	92	-102.75	34.45238095
1652909	222222	0	35.25	-23.54761905
1652972	222222	0	63.25	55.45238095
1653004	222222	0	-68.75	9.452380952
1653012	222222	100	139.25	-34.54761905
1653024	222222	100	117.25	-32.54761905
1653041	222222	56	5.25	46.45238095
1653053	222222	100	72.25	54.45238095
1653056	222222	12	-3.75	11.45238095
1653076	222222	0	39.25	11.45238095
1653109	222222	76	102.25	13.45238095
1653130	222222	100	-121.75	38.45238095
1653181	222222	80	13.25	51.45238095
1653206	222222	0	-84.75	35.45238095
1653255	222222	100	19.25	45.45238095
1653257	222222	64	56.25	54.45238095
1653271	222222	96	74.25	23.45238095
1653286	222222	100	34.25	46.45238095
1653291	222222	0	92.25	51.45238095
1653324	222222	36	14.25	50.45238095
1653361	222222	0	70.25	56.45238095
1653417	222222	24	1.25	45.45238095
1653429	222222	0	117.25	-34.54761905
1653475	222222	0	38.25	49.45238095
1653479	222222	96	75.25	21.45238095
1653530	222222	100	-104.75	51.45238095
1653548	222222	0	60.25	54.45238095
1653550	222222	64	40.25	49.45238095
1653592	222222	96	79.75	23.95238095
1653605	222222	100	112.75	38.95238095
1653625	222222	100	-59.25	-34.04761905
1653634	222222	0	-85.25	43.95238095
1653638	222222	100	-4.25	40.95238095
1653648	222222	100	35.75	39.95238095
1653652	222222	0	79.75	11.95238095
1653671	222222	100	-86.25	30.95238095
1653743	222222	0	18.75	-18.04761905
1653758	222222	72	23.75	46.95238095
1653759	222222	0	82.75	24.95238095
1653791	222222	88	79.75	28.95238095
1653803	222222	0	-87.25	36.95238095
1653815	222222	0	-83.25	8.952380952
1653837	222222	0	73.75	20.95238095
1653855	222222	28	26.75	51.95238095
1653863	222222	100	76.75	16.95238095
1653890	222222	0	-98.25	46.95238095
1653898	222222	64	71.75	23.95238095
1653928	222222	96	77.75	21.95238095
1653964	222222	88	-89.25	35.95238095
1653996	222222	100	-91.25	32.95238095
1654020	222222	52	92.75	25.95238095
1654041	222222	68	103.75	29.95238095
1654053	222222	100	40.75	48.95238095
1654057	222222	100	83.75	26.95238095
1654073	222222	92	82.75	26.95238095
1654083	222222	8	120.75	36.95238095
1654104	222222	100	112.75	32.95238095
1654126	222222	88	-85.25	41.95238095
1654156	222222	52	6.75	10.95238095
1654172	222222	100	76.75	28.95238095
1654184	222222	84	172.75	-43.04761905
1654196	222222	0	40.75	49.95238095
1654224	222222	0	-114.25	53.95238095
1654236	222222	100	35.75	-4.047619048
1654279	222222	0	-61.25	-37.04761905
1654300	222222	0	16.75	10.95238095
1654327	222222	16	76.75	12.95238095
1654368	222222	100	-0.25	43.95238095
1654417	222222	32	-51.25	-27.04761905
1654431	222222	4	4.75	11.95238095
1654435	222222	12	5.75	8.952380952
1654467	222222	100	115.75	37.95238095
1654478	222222	100	-96.25	47.95238095
1654497	222222	0	73.75	19.95238095
1654510	222222	20	77.75	8.952380952
1654511	222222	0	77.75	12.95238095
1654549	222222	0	62.75	54.95238095
1654595	222222	48	-73.25	42.95238095
1654617	222222	72	15.75	53.95238095
1654629	222222	100	-58.25	-37.04761905
1654631	222222	24	36.75	53.95238095
1654658	222222	100	2.75	46.95238095
1654668	222222	0	47.75	50.95238095
1654686	222222	24	-79.25	35.95238095
1654705	222222	100	24.75	50.95238095
1654719	222222	0	-64.25	45.95238095
1654722	222222	0	-0.25	38.95238095
1654727	222222	0	139.75	-34.04761905
1654734	222222	60	32.75	48.95238095
1654773	222222	100	18.75	-33.04761905
1654800	222222	96	48.75	55.95238095
1654839	222222	0	-106.25	36.95238095
1654840	222222	40	127.75	36.95238095
1654861	222222	0	20.75	51.95238095
1654887	222222	0	80.75	55.95238095
1654917	222222	68	-48.25	-21.04761905
1654963	222222	0	36.75	57.95238095
1654969	222222	100	11.75	51.95238095
1654971	222222	100	33.75	50.95238095
1654992	222222	92	18.75	53.95238095
1654993	222222	0	60.75	54.95238095
1655031	222222	100	26.75	44.95238095
1655051	222222	0	86.75	53.95238095
1655065	222222	100	53.75	56.95238095
1655078	222222	100	28.75	45.95238095
1655125	222222	84	-59.25	-32.04761905
1655127	222222	100	-0.25	48.95238095
1655136	222222	76	28.75	53.95238095
1655187	222222	92	9.75	47.95238095
1655198	222222	100	109.75	34.95238095
1655219	222222	100	29.75	46.95238095
1655259	222222	100	126.75	47.95238095
1655262	222222	0	30.75	51.95238095
1655271	222222	88	40.75	50.95238095
1655273	222222	84	-52.25	-23.04761905
1655322	222222	100	-62.25	-31.54761905
1655328	222222	88	72.75	22.45238095
1655361	222222	0	-78.25	42.45238095
1655362	222222	72	76.75	14.45238095
1655370	222222	0	-41.25	-7.547619048
1655377	222222	100	118.75	-8.547619048
1655387	222222	64	116.75	34.45238095
1655447	222222	0	42.75	0.452380952
1655466	222222	100	129.75	46.45238095
1655487	222222	100	-98.25	26.45238095
1655577	222222	100	76.75	15.45238095
1655580	222222	100	-48.25	-16.54761905
1655589	222222	92	77.75	28.45238095
1655610	222222	100	32.75	14.45238095
1655638	222222	100	-49.25	-19.54761905
1655676	222222	100	75.75	14.45238095
1655703	222222	12	33.75	0.452380952
1655725	222222	96	-11.25	14.45238095
1655732	222222	0	-94.25	16.45238095
1655733	222222	0	30.75	-20.54761905
1655742	222222	100	102.75	15.45238095
1655765	222222	0	-55.25	-23.54761905
1655797	222222	100	75.75	17.45238095
1655798	222222	100	27.75	41.45238095
1655817	222222	0	38.75	14.45238095
1655818	222222	24	29.75	-3.547619048
1655821	222222	0	-96.25	45.45238095
1655862	222222	0	28.75	-20.54761905
1655867	222222	48	27.75	45.45238095
1655967	222222	32	37.75	50.45238095
1655972	222222	100	60.75	53.45238095
1655990	222222	0	128.75	51.45238095
1655992	222222	0	-1.25	52.45238095
1655999	222222	100	85.75	53.45238095
1656003	222222	60	-50.25	-20.54761905
1656009	222222	100	148.75	-29.54761905
1656037	222222	0	-80.25	43.45238095
1656038	222222	68	40.75	44.45238095
1656065	222222	0	40.75	37.45238095
1656068	222222	0	83.75	51.45238095
1656070	222222	84	19.75	46.45238095
1656075	222222	100	77.75	17.45238095
1656081	222222	64	115.75	-30.54761905
1656082	222222	0	23.75	46.45238095
1656124	222222	52	29.75	50.45238095
1656129	222222	92	22.75	55.45238095
1656208	222222	0	-114.25	47.45238095
1656231	222222	80	-62.25	-36.54761905
1656266	222222	100	73.75	30.45238095
1656279	222222	92	1.75	43.45238095
1656322	222222	0	5.75	53.45238095
1656362	222222	56	-82.25	34.45238095
1656365	222222	68	-81.25	44.45238095
1656450	222222	60	11.75	53.45238095
1656452	222222	100	27.75	44.45238095
1656494	222222	100	-60.25	-38.54761905
1656496	222222	84	-99.25	40.45238095
1656503	222222	100	20.75	45.45238095
1656507	222222	40	-0.25	40.45238095
1656549	222222	88	115.75	33.45238095
1656550	222222	92	14.75	50.45238095
1656579	222222	100	115.75	35.45238095
1656598	222222	56	-87.25	39.45238095
1656623	222222	72	134.75	-32.54761905
1656624	222222	68	76.75	28.45238095
1656628	222222	56	76.75	43.45238095
1656634	222222	40	61.75	56.45238095
1656657	222222	32	3.75	48.45238095
1656675	222222	0	59.75	54.45238095
1656701	222222	100	42.75	50.45238095
1656716	222222	0	34.75	54.45238095
1656746	222222	8	-48.25	-19.54761905
1656803	222222	48	4.75	50.45238095
1656877	222222	60	-90.75	33.95238095
1656948	222222	16	106.25	27.95238095
1656953	222222	100	76.25	25.95238095
1656982	222222	0	11.25	11.95238095
1657029	222222	68	-94.75	39.95238095
1657074	222222	0	-106.75	27.95238095
1657121	222222	88	150.25	-31.04761905
1657127	222222	0	141.25	-37.04761905
1657181	222222	0	38.25	-1.047619048
1657183	222222	100	77.25	20.95238095
1657196	222222	0	53.25	28.95238095
1657232	222222	0	33.25	-2.047619048
1657258	222222	0	40.25	8.952380952
1657260	222222	0	78.25	12.95238095
1657267	222222	0	-51.75	-22.04761905
1657271	222222	0	98.25	32.95238095
1657300	222222	28	-51.75	-28.04761905
1657326	222222	100	50.75	56.45238095
1657342	222222	68	41.75	54.45238095
1657363	222222	8	21.75	52.45238095
1657397	222222	80	7.75	52.45238095
1657422	222222	0	23.25	44.95238095
1657469	222222	64	44.25	52.95238095
1657476	222222	96	16.25	47.95238095
1657477	222222	48	121.25	38.95238095
1657569	222222	88	126.25	43.95238095
1657590	222222	80	87.25	53.95238095
1657596	222222	100	0.25	46.95238095
1657602	222222	0	11.25	52.95238095
1657606	222222	0	23.25	48.95238095
1657613	222222	88	21.25	48.95238095
1657629	222222	12	16.25	49.95238095
1657634	222222	44	115.25	35.95238095
1657637	222222	0	26.25	46.95238095
1657644	222222	8	128.25	34.95238095
1657665	222222	72	-102.75	48.95238095
1657671	222222	0	-89.75	44.95238095
1657679	222222	28	-90.75	44.95238095
1657694	222222	40	-76.75	37.95238095
1657699	222222	0	6.25	49.95238095
1657714	222222	8	23.25	52.95238095
1657742	222222	64	17.25	46.95238095
1657743	222222	0	-81.75	34.95238095
1657760	222222	0	21.25	42.95238095
1657766	222222	100	39.25	48.95238095
1657768	222222	0	31.25	38.95238095
1657784	222222	100	33.25	49.95238095
1657820	222222	100	-88.75	36.95238095
1657832	222222	84	-4.75	40.95238095
1657856	222222	100	82.25	21.95238095
1657864	222222	0	34.25	45.95238095
1657873	222222	100	77.25	23.95238095
1657875	222222	0	-74.75	44.95238095
1657896	222222	0	72.25	56.95238095
1657913	222222	0	-5.75	36.95238095
1657922	222222	100	76.25	14.95238095
1657924	222222	0	-106.75	28.95238095
1657927	222222	48	-89.75	42.95238095
1657969	222222	0	42.25	43.95238095
1657991	222222	0	-8.75	32.95238095
1657992	222222	92	34.25	44.95238095
1658005	222222	96	76.25	29.95238095
1658054	222222	16	39.25	53.95238095
1658094	222222	84	78.25	27.95238095
1658113	222222	100	50.25	52.95238095
1658139	222222	100	23.25	43.95238095
1658148	222222	100	-62.75	-34.04761905
1658166	222222	100	114.25	34.95238095
1658177	222222	56	-74.75	39.95238095
1658184	222222	100	-60.75	-33.04761905
1658219	222222	40	-77.75	42.95238095
1658223	222222	100	-49.75	-23.04761905
1658248	222222	100	-89.75	41.95238095
1658288	222222	60	-59.75	-35.04761905
1658304	222222	72	74.95238095	18.25
1658306	222222	76	77.95238095	18.25
1658314	222222	0	-71.04761905	10.25
1658315	222222	48	-83.04761905	34.25
1658334	222222	0	78.95238095	16.25
1658337	222222	0	83.95238095	21.25
1658344	222222	100	102.952381	16.25
1658370	222222	0	-83.04761905	30.25
1658374	222222	76	75.95238095	13.25
1658414	222222	76	90.95238095	26.25
1658428	222222	0	-47.04761905	-15.75
1658439	222222	100	-56.04761905	-12.75
1658506	222222	76	96.95238095	5.25
1658521	222222	100	89.95238095	23.25
1658531	222222	80	-98.04761905	26.25
1658585	222222	0	38.95238095	-4.75
1658622	222222	56	89.95238095	22.25
1658627	222222	0	-7.047619047	12.25
1658675	222222	0	34.95238095	-5.75
1658696	222222	96	-2.75	51.95238095
1658703	222222	88	26.25	50.95238095
1658730	222222	100	81.25	51.95238095
1658733	222222	0	39.25	56.95238095
1658739	222222	100	54.25	54.95238095
1658748	222222	0	42.25	49.95238095
1658780	222222	0	34.25	55.95238095
1658781	222222	100	33.25	48.95238095
1658782	222222	0	72.25	55.95238095
1658786	222222	100	86.25	44.95238095
1658880	222222	100	20.25	44.95238095
1658905	222222	92	-1.75	51.95238095
1658918	222222	100	43.25	47.95238095
1658963	222222	100	-109.75	52.95238095
1658972	222222	100	52.25	55.95238095
1659041	222222	0	-90.04761905	43.25
1659045	222222	0	-92.04761905	34.25
1659051	222222	8	-80.04761905	43.25
1659069	222222	0	-121.047619	36.25
1659171	222222	100	-89.04761905	40.25
1659177	222222	0	46.95238095	43.25
1659181	222222	12	3.952380953	36.25
1659184	222222	96	-60.04761905	-33.75
1659197	222222	100	123.952381	43.25
1659219	222222	0	-83.04761905	42.25
1659230	222222	100	87.95238095	25.25
1659256	222222	0	2.952380953	45.25
1659263	222222	100	-91.04761905	41.25
1659313	222222	24	-82.04761905	35.25
1659317	222222	56	16.95238095	45.25
1659323	222222	100	24.95238095	44.25
1659329	222222	56	146.952381	-33.75
1659331	222222	8	78.95238095	15.25
1659377	222222	0	-96.04761905	45.25
1659416	222222	0	39.95238095	47.25
1659418	222222	36	-85.04761905	38.25
1659438	222222	76	-91.04761905	39.25
1659465	222222	84	121.952381	39.25
1659481	222222	100	115.952381	-29.75
1659517	222222	100	-49.04761905	-23.75
1659523	222222	88	-89.04761905	37.25
1659526	222222	0	96.95238095	37.25
1659535	222222	0	24.95238095	49.25
1659539	222222	36	143.952381	-36.75
1659657	222222	100	-52.04761905	-22.75
1659674	222222	0	22.95238095	32.25
1659689	222222	0	-80.04761905	40.25
1659698	222222	0	-11.04761905	14.25
1659704	222222	76	114.952381	38.25
1659723	222222	0	81.55059524	21.65178571
1659777	222222	0	-86.44940476	12.65178571
1659803	222222	0	39.55059524	-6.348214286
1659827	222222	0	41.55059524	19.65178571
1659857	222222	0	35.55059524	-8.348214286
1659912	222222	100	81.55059524	27.65178571
1659916	222222	100	-46.44940476	-16.34821429
1659937	222222	96	75.55059524	19.65178571
1659979	222222	96	33.55059524	-3.348214286
1659986	222222	0	5.550595238	6.651785714
1660010	222222	0	45.55059524	2.651785714
1660024	222222	20	-47.44940476	-20.34821429
